---
maxVel: 60.0
maxAccel: 60.0
maxAngVel: 3.141592653589793
maxAngAccel: 3.141592653589793
robotLength: 18.0
robotWidth: 13.0
driveType: "MECANUM"
trackWidth: 13.0
lateralMultiplier: 1.0
